0)
0
0
7.039358496665955
0.43245606282787385

10)
0.190625
0.01572265625
7.726363110542297
0.5333746749212834

20)
0.3125
0.010633680555555556
7.45824294090271
0.2668524022878046

30) 
0.403125
0.015288628472222222
7.340894103050232
0.5254976874141859

40)
0.465625
0.025922309027777778
7.8493558168411255
0.0742903185299642

50)
0.5875
0.005164930555555555
8.143385195732117
0.08280491098721099

60)
0.5875
0.0038628472222222224
8.088681173324584
0.3236181477637678

70)
0.690625
0.009212239583333334
7.852427506446839
0.7394341869405764

80)
0.79375
0.006119791666666667
7.898093295097351
0.16304742042935597

90)
0.83125
0.005902777777777778
7.602143168449402
0.35996301996746005

100)
0.903125
0.0016167534722222221
7.761308789253235
0.2585948478893019